011000000
011000000
011000000
011000000
011000000
011000000
111001000
011000000
011000100
011000001
011000000
011000000
011000000
011000000
001010010
011000000
001010010
011000000
011000000
011000000
011000000
011000000
011000001
011000000
011000000
011000000
001010010
011000000
011000000
001010010
011000000
000100000
011000000
011000000
001010010
011000000
011000000
011000000
011000000
011000000
011000000
011000000
011000000
011000000
011000000
001010010
011000000
011000000
001010010
011000000
011000000
011000000
011000000
011000000
001010010
011000000
011000000
011000000
011000000
011000001
011000000
011000000
011000000
011000000
011000000
111001000
111001000
111001000
011000000
011000000
011000100
001010010
011000000
011000000
011000000
011000000
011000000
011000000
011000000
001010010
001010010
011000100
011000000
011000000
011000000
011000000
011000000
011000000
011000001
001010010
011000000
011000000
011000000
011000000
011000100
011000000
111001000
011000100
011000000
011000000
